1824,675
1824,674
1824,672
1824,671
1824,669
1824,667
1824,666
1824,664
1824,663
1824,661
1824,660
1824,658
1824,656
1824,655
1824,653
1824,652
1824,650
1824,648
1824,647
1824,645
1824,644
1824,642
1824,640
1824,639
1824,637
1824,636
1824,634
1824,633
1824,631
1824,629
1824,628
1824,626
1824,625
1824,623
1824,621
1824,620
1824,618
1824,617
1824,615
1824,614
1824,612
1824,610
1824,609
1824,607
1824,606
1824,604
1824,602
1824,601
1824,599
1824,598
1824,596
1824,595
1824,593
1824,591
1824,590
1824,588
1824,587
1824,585
1824,583
1824,582
1824,580
1824,579
1824,577
1824,575
1824,574
1824,572
1824,571
1824,569
1824,568
1824,566
1824,564
1824,563
1824,561
1824,560
1824,558
1824,556
1824,555
1824,553
1824,552
1824,550
1824,549
1824,547
1824,545
1824,544
1824,542
1824,541
1824,539
1824,537
1824,536
1824,534
1824,533
1824,531
1824,530
1824,528
1824,526
1824,525
1824,523
1824,522
1824,520
1824,518
1824,517
1824,515
1824,514
1824,512
1824,511
1824,509
1824,507
1824,506
1824,504
1824,503
1824,501
1824,499
1824,498
1824,496
1824,495
1824,493
1824,491
1824,490
1824,488
1824,487
1824,485
1824,484
1824,482
1824,480
1824,479
1824,477
1824,476
1824,474
1824,472
1824,471
1824,469
1824,468
1824,466
1824,465
1824,463
1824,461
1824,460
1824,458
1824,457
1824,455
1824,453
1824,452
1824,450
1824,449
1824,447
1824,446
1824,444
1824,442
1824,441
1824,439
1824,438
1824,436
1824,434
1824,433
1824,431
1824,430
1824,428
1824,426
1824,425
1824,423
1824,422
1824,420
1824,419
1824,417
1824,415
1824,414
1824,412
1824,411
1824,409
1824,407
1824,406
1824,404
1824,403
1824,401
1824,400
1824,398
1824,396
1824,395
1824,393
1824,392
1824,390
1824,388
1824,387
1824,385
1824,384
1824,382
1824,381
1824,379
1824,377
1824,376
1824,374
1824,373
1824,371
1824,369
1824,368
1824,366
1824,365
1824,363
1824,362
1824,360
1824,358
1824,357
1824,355
1824,354
1824,352
1824,351
1824,349
1824,348
1824,346
1824,345
1824,343
1824,341
1824,340
1824,338
1824,337
1824,335
1824,334
1824,332
1824,330
1824,329
1824,327
1824,326
1824,249
1824,677
1824,679
1824,682
1824,683
1824,686
1824,688
1824,691
1824,694
1824,696
1824,699
1824,701
1824,704
1824,707
1824,709
1824,712
1824,713
1824,717
1824,718
1824,721
1824,724
1824,726
1824,729
1824,731
1824,734
1824,737
1824,738
1824,741
1824,743
1824,746
1824,747
1824,750
1824,753
1824,755
1824,758
1824,760
1824,763
1824,766
1824,768
1824,771
1824,772
1824,776
1824,777
1824,780
1824,784
1824,785
1824,788
1824,790
1824,793
1824,796
1824,798
1824,801
1824,803
1824,806
1824,809
1824,811
1824,814
1824,815
1824,818
1824,820
1824,823
1824,826
1824,828
1824,831
1824,833
1824,836
1824,839
1824,841
1824,844
1824,845
1824,849
1824,850
1824,853
1824,856
1824,858
1824,861
1824,863
1824,866
1824,869
1824,871
1824,874
1824,876
1824,879
1824,880
1824,883
1824,887
1824,888
1824,891
1824,893
1824,896
1824,899
1824,901
1824,904
1824,906
1824,909
1824,912
1824,914
1824,917
1824,918
1824,921
1824,923
1824,926
1824,929
1824,931
1824,934
1824,936
1824,939
1824,942
1824,943
1824,945
1824,946
1824,948
1824,949
1824,951
1824,953
1824,954
1824,956
1824,957
1824,959
1824,962
1824,963
1824,966
1824,968
1824,971
1824,973
1824,976
1824,979
1824,981
1824,984
1824,985
1824,989
1824,992
1824,993
1824,997
1824,998
1824,1001
1824,1003
1824,1006
1824,1008
1824,1009
1824,1011
1824,1012
1824,1014
1824,1016
1824,1017
1824,1019
1824,1020
1824,1022
1824,1024
1824,1026
1824,1029
1824,1030
1824,1034
1824,1035
1824,1038
1824,1041
1824,1043
1824,1046
1824,1048
1824,1051
1824,1054
1824,1056
1824,1059
1824,1061
1824,1064
1824,1065
1824,1068
1824,1072
1824,1073
1824,1076
1824,1078
1824,1081
1824,1084
1824,1086
1824,1089
1824,1091
1824,1094
1824,1095
1824,1099
1824,1102
1824,1103
1824,1106
1824,1108
1824,1111
1824,1114
1824,1116
1824,1119
1824,1121
1824,1124
1824,1127
1824,1129
1824,1132
1824,1133
1824,1137
1824,1138
1824,1141
1824,1145
1824,1146
1824,1149
1824,1151
1824,1154
1824,1157
1824,1159
1824,1162
1824,1164
1824,1167
1824,1168
1824,1171
1824,1175
1824,1176
1824,1179
1824,1181
1824,1184
1824,1187
1824,1189
1824,1192
1824,1194
1824,1197
1824,1198
1824,1202
1824,1205
1824,1206
1824,1210
1824,1211
1824,1214
1824,1217
1824,1219
1824,1222
1824,1224
1824,1227
1824,1229
1824,1232
1824,1235
1824,1236
1824,1240
1824,1241
1824,1244
1824,1248
1824,1249
1824,1252
1824,1254
1824,1257
1824,1260
1824,1262
1824,1265
1824,1267
1824,1270
1824,1271
1824,1274
1824,1278
1824,1279
1824,1282
1824,1284
1824,1287
1824,1290
1824,1292
1824,1295
1824,1297
1824,1300
1824,1301
1824,1305
1824,1308
1824,1309
1824,1313
1824,1314
1824,1317
1824,1320
1824,1322
1824,1325
1824,1327
1824,1330
1824,1332
1824,1335
1824,1338
1824,1339
1824,1343
1824,1344
1824,1347
1824,1351
1824,1352
1824,1355
1824,1357
1824,1360
1824,1363
1824,1365
1824,1368
1824,1370
1824,1373
1824,1374
1824,1378
1824,1381
1824,1382
1824,1385
1824,1387
1824,1390
1824,1393
1824,1395
1824,1398
1824,1400
1824,1403
1824,1404
1824,1408
1824,1411
1824,1412
1824,1416
1824,1417
1824,1420
1824,1424
1824,1425
1824,1428
1824,1430
1824,1433
1824,1435
1824,1438
1824,1441
1824,1443
1824,1446
1824,1447
1824,1450
1824,1454
1824,1455
1824,1458
1824,1460
1824,1463
1824,1466
1824,1468
1824,1471
1824,1473
1824,1476
1824,1477
1824,1481
1824,1484
1824,1485
1824,1488
1824,1490
1824,1493
1824,1496
1824,1498
1824,1501
1824,1503
1824,1506
1824,1508
1824,1511
1824,1514
1824,1515
1824,1519
1824,1520
1824,1523
1824,1527
1824,1528
1824,1531
1824,1533
1824,1536
1824,1538
1824,1541
1824,1544
1824,1546
1824,1549
1824,1550
1824,1553
1824,1557
1824,1558
1824,1561
1824,1563
1824,1566
1824,1568
1824,1571
1824,1574
1824,1576
1824,1579
1824,1580
1824,1584
1824,1587
1824,1588
1824,1592
1824,1593
1824,1596
1824,1599
1824,1601
1824,1604
1824,1606
1824,1609
1824,1611
1824,1614
1824,1617
1824,1618
1824,1622
1824,1623
1824,1626
1824,1630
1824,1631
1824,1634
1824,1636
1824,1639
1824,1641
1824,1644
1824,1647
1824,1649
1824,1652
1824,1653
1824,1657
1824,1660
1824,1661
1824,1664
1824,1666
1824,1669
1824,1671
1824,1674
1824,1677
1824,1679
1824,1682
1824,1683
1824,1687
1824,1690
1824,1691
1824,1695
1824,1696
1824,1699
1824,1702
1824,1704
1824,1707
1824,1709
1824,1712
1824,1714
1824,1717
1824,1720
1824,1722
1824,1725
1824,1726
1824,1729
1824,1733
1824,1734
1824,1737
1824,1739
1824,1742
1824,1744
1824,1747
1824,1750
1824,1752
1824,1755
1824,1756
1824,1760
1824,1763
1824,1764
1824,1767
1824,1769
1824,1772
1824,1774
1824,1777
1824,1780
1824,1782
1824,1785
1824,1786
1824,1790
1824,1793
1824,1794
1824,1798
1824,1799
1824,1802
1824,1804
1824,1807
1824,1810
1824,1812
1824,1815
1824,1817
1824,1820
1824,1823
1824,1825
1824,1828
1824,1829
1824,1832
1824,1836
1824,1837
1824,1840
1824,1842
1824,1845
1824,1847
1824,1850
1824,1853
1824,1855
1824,1858
1824,1859
1824,1863
1824,1866
1824,1867
1824,1871
1824,1872
1824,1875
1824,1877
1824,1880
1824,1883
1824,1885
1824,1888
1824,1890
1824,1893
1824,1896
1824,1897
1824,1900
1824,1902
1824,1905
1824,1906
1824,1910
1824,1913
1824,1914
1824,1917
1824,1919
1824,1922
1824,1925
1824,1927
1824,1930
1824,1932
1824,1935
1824,1938
1824,1940
1824,1943
1824,1944
1824,1948
1824,1949
1824,1952
1824,1956
1824,1957
1824,1960
1824,1962
1824,1965
1824,1968
1824,1970
1824,1973
1824,1975
1824,1978
1824,1979
1824,1982
1824,1986
1824,1987
1824,1990
1824,1992
1824,1995
1824,1998
1824,2000
1824,2003
1824,2005
1824,2008
1824,2009
1824,2013
1824,2016
1824,2017
1824,2021
1824,2022
1824,2025
1824,2028
1824,2030
1824,2033
1824,2035
1824,2038
1824,2040
1824,2043
1824,2046
1824,2047
1824,2051
1824,2052
1824,2055
1824,2059
1824,2060
1824,2063
1824,2065
1824,2068
1824,2071
1824,2073
1824,2076
1824,2078
1824,2081
1824,2082
1824,2086
1824,2089
1824,2090
1824,2093
1824,2095
1824,2098
1824,2101
1824,2103
1824,2106
1824,2108
1824,2111
1824,2112
1824,2114
1824,2162
1824,2163
1824,2165
1824,2166
1824,2168
1824,2170
1824,2176
1824,2180
1824,2181
1824,2184
1824,2186
1824,2189
1824,2192
1824,2194
1824,2197
1824,2199
1824,2201
1824,2203
1824,2204
1824,2206
1824,2207
1824,2209
1824,2211
1824,2212
1824,2214
1824,2215
1824,2217
1824,2218
1824,2220
1824,2222
1824,2223
1824,2225
1824,2226
1824,2228
1824,2230
1824,2231
1824,2233
1824,2234
1824,2236
1824,2237
1824,2239
1824,2241
1824,2242
1824,2244
1824,2245
1824,2247
1824,2249
1824,2250
1824,2252
1824,2253
1824,2255
1824,2256
1824,2258
1824,2260
1824,2261
1824,2263
1824,2264
1824,2266
1824,2268
1824,2269
1824,2271
1824,2272
1824,2274
1824,2276
1824,2277
1824,2279
1824,2280
1824,2282
1824,2283
1824,2285
1824,2287
1824,2288
1824,2290
1824,2291
1824,2293
1824,2295
1824,2296
1824,2298
1824,2299
1824,2301
1824,2302
1824,2304
1824,2306
1824,2307
1824,2309
1824,2310
1824,2312
1824,2314
1824,2315
1824,2317
1824,2318
1824,2369
1824,2370
1824,2372
1824,2374
1824,2375
1824,2377
1824,2378
1824,2380
1824,2433
1824,2434
1824,2436
1824,2437
1824,2439
1824,2440
1824,2442
1824,2444
1824,2445
1824,2447
1824,2448
1824,2450
1824,2452
1824,2453
1824,2455
1824,2456
1824,2458
1824,2460
1824,2461
1824,2463
1824,2464
1824,2466
1824,2467
1824,2469
1824,2471
1824,2472
1824,2474
1824,2475
1824,2477
1824,2479
1824,2480
1824,2482
1824,2483
1824,2485
1824,2486
1824,2488
1824,2490
1824,2491
1824,2493
1824,2494
1824,2496
1824,2498
1824,2499
1824,2501
1824,2502
1824,2504
1824,2505
1824,2507
1824,2509
1824,2510
1824,2512
1824,2513
1824,2515
1824,2517
1824,2518
1824,2520
1824,2521
1824,2523
1824,2525
1824,2526
1824,2528
1824,2529
1824,2531
1824,2532
1824,2534
1824,2536
1824,2537
1824,2539
1824,2540
1824,2542
1824,2544
1824,2545
1824,2547
1824,2548
1824,2550
1824,2551
1824,2554
1824,2557
1824,2558
1824,2562
1824,2563
1824,2566
1824,2570
1824,2571
1824,2574
1824,2576
1824,2579
1824,2581
1824,2584
1824,2587
1824,2589
1824,2592
1824,2593
1824,2596
1824,2600
1824,2601
1824,2604
1824,2606
1824,2609
1824,2611
1824,2614
1824,2617
1824,2619
1824,2622
1824,2623
1824,2627
1824,2630
1824,2631
1824,2635
1824,2636
1824,2639
1824,2642
1824,2644
1824,2647
1824,2649
1824,2652
1824,2654
1824,2657
1824,2660
1824,2661
1824,2665
1824,2666
1824,2669
1824,2673
1824,2674
1824,2677
1824,2679
1824,2682
1824,2684
1824,2687
1824,2690
1824,2692
1824,2695
1824,2696
1824,2700
1824,2703
1824,2704
1824,2707
1824,2709
1824,2712
1824,2714
1824,2717
1824,2720
1824,2722
1824,2725
1824,2726
1824,2730
1824,2733
1824,2734
1824,2738
1824,2739
1824,2742
1824,2745
1824,2747
1824,2750
1824,2752
1824,2755
1824,2757
1824,2760
1824,2763
1824,2764
1824,2768
1824,2769
1824,2817
1824,2821
1824,2822
1824,2825
1824,2827
1824,2830
1824,2832
1824,2880
1824,2883
1824,2885
1824,2888
1824,2889
1824,2893
1824,2896
1824,2897
1824,2900
1824,2902
1824,2905
1824,2907
1824,2910
1824,2913
1824,2915
1824,2918
1824,2919
1824,2923
1824,2926
1824,2927
1824,2931
1824,2932
1824,2935
1824,2937
1824,2940
1824,2943
1824,2945
1824,2948
1824,2950
1824,2953
1824,2956
1824,2958
1824,2961
1824,2962
1824,2965
1824,2969
1824,2970
1824,2973
1824,2975
1824,2978
1824,2980
1824,2983
1824,2986
1824,2988
1824,2991
1824,2992
1824,2996
1824,2999
1824,3000
1824,3003
1824,3005
1824,3008
1824,3010
1824,3013
1824,3016
1824,3018
1824,3021
1824,3023
1824,3026
1824,3029
1824,3030
1824,3034
1824,3035
1824,3038
1824,3040
1824,3043
1824,3046
1824,3048
1824,3051
1824,3053
1824,3056
1824,3059
1824,3061
1824,3064
1824,3065
1824,3068
1824,3072
1824,3073
1824,3076
1824,3078
1824,3081
1824,3083
1824,3086
1824,3089
1824,3091
1824,3094
1824,3095
1824,3099
1824,3102
1824,3103
1824,3107
1824,3108
1824,3111
1824,3113
1824,3116
1824,3119
1824,3121
1824,3124
1824,3126
1824,3129
1824,3132
1824,3133
1824,3137
1824,3138
1824,3202
1824,3204
1824,3207
1824,3210
1824,3212
1824,3215
1824,3217
1824,3220
1824,3223
1824,3225
1824,3228
1824,3229
1824,3233
1824,3236
1824,3237
1824,3240
1824,3242
1824,3245
1824,3247
1824,3250
1824,3253
1824,3255
1824,3258
1824,3259
1824,3263
1824,3266
1824,3267
1824,3271
1824,3272
1824,3275
1824,3277
1824,3280
1824,3283
1824,3285
1824,3288
1824,3290
1824,3293
1824,3296
1824,3298
1824,3301
1824,3302
1824,3305
1824,3307
1824,3310
1824,3313
1824,3315
1824,3318
1824,3320
1824,3323
1824,3326
1824,3328
1824,3331
1824,3332
1824,3336
1824,3337
1824,3340
1824,3343
1824,3345
1824,3348
1824,3350
1824,3353
1824,3356
1824,3358
1824,3361
1824,3363
1826,2
1826,6
1826,7
1826,11
1826,13
1826,16
1826,17
1826,20
1826,24
1826,25
1826,28
1826,30
1826,33
1826,36
1826,38
1826,41
1826,43
1826,46
1826,47
1826,51
1826,54
1826,55
1826,59
1826,60
1826,63
1826,66
1826,68
1826,71
1826,73
1826,76
1826,78
1826,81
1826,84
1826,85
1826,89
1826,90
1826,93
1826,97
1826,98
1826,101
1826,103
1826,106
1826,109
1826,111
1826,114
1826,116
1826,118
1826,119
1826,123
1826,126
1826,127
1826,131
1826,192
1826,195
1826,198
1826,200
1826,203
1826,205
1826,208
1826,209
1826,212
1826,215
1826,217
1826,220
1826,221
1826,225
1826,228
1826,230
1826,233
1826,234
1826,238
1826,239
1826,242
1826,246
1826,247
1826,250
1826,252
1826,255
1826,258
1826,260
1826,263
1826,265
1826,268
1826,269
1826,272
1826,276
1826,277
1826,280
1826,282
1826,285
1826,288
1826,290
1826,321
1826,323
1829,2
1830,0
1830,2
1831,0
1831,2
1832,1
1832,3
1833,3
1834,3
1835,1
1836,1
1836,3
1837,2
1837,5
7,3
5,3
4,5
5,68
0,252
0,209
4,6
5,84
0,251
1744,3
1,2
1744,5
1826,3
5,83
1824,4
1824,5
1824,6
1824,7
1824,47
1824,48
2,2
1826,226
1824,3325
1824,3295
1824,3265
1824,3222
1824,3219
1824,3117
1824,3115
1824,3216
1824,3232
1824,3289
1824,3362
1826,130
1826,291
1824,8
1824,2834
1824,2770
3,2
1824,3
1744,4
5,71
0,248
1828,3
0,253
5,78
4,3
1837,3
1836,4
1835,3
1834,2
1833,2
1831,3
1830,3
1829,3
1829,0
1826,320
1826,287
1826,284
1826,279
1826,274
1826,271
1826,266
1826,261
1826,257
1826,253
1826,249
1826,244
1826,241
1826,236
1826,231
1826,227
1826,223
1826,218
1826,214
1826,210
1826,206
1826,201
1826,197
1826,194
1826,129
1826,124
1826,121
1826,117
1826,112
1826,108
1826,105
1826,100
1826,95
1826,92
1826,87
1826,82
1826,79
1826,74
1826,70
1826,65
1826,62
1826,57
1826,52
1826,49
1826,44
1826,40
1826,35
1826,32
1826,27
1826,22
1826,19
1826,14
1826,8
1826,4
1826,0
1824,3359
1824,3355
1824,3351
1824,3347
1824,3342
1824,3339
1824,3334
1824,3329
1824,3324
1824,3321
1824,3317
1824,3312
1824,3309
1824,3304
1824,3299
1824,3294
1824,3291
1824,3286
1824,3282
1824,3278
1824,3274
1824,3269
1824,3264
1824,3261
1824,3256
1824,3252
1824,3248
1824,3244
1824,3239
1824,3234
1824,3231
1824,3226
1824,3221
1824,3218
1824,3214
1824,3209
1824,3206
1824,3201
1824,3135
1824,3130
1824,3127
1824,3122
1824,3118
1824,3114
1824,3110
1824,3105
1824,3100
1824,3097
1824,3092
1824,3088
1824,3084
1824,3080
1824,3075
1824,3070
1824,3067
1824,3062
1824,3057
1824,3054
1824,3049
1824,3045
1824,3042
1824,3037
1824,3032
1824,3027
1824,3024
1824,3019
1824,3015
1824,3011
1824,3007
1824,3002
1824,2997
1824,2994
1824,2989
1824,2984
1824,2981
1824,2977
1824,2972
1824,2967
1824,2964
1824,2959
1824,2954
1824,2951
1824,2946
1824,2942
1824,2939
1824,2934
1824,2929
1824,2924
1824,2921
1824,2916
1824,2912
1824,2908
1824,2904
1824,2899
1824,2894
1824,2891
1824,2886
1824,2881
1824,2833
1824,2829
1824,2824
1824,2819
1824,2816
1824,2766
1824,2761
1824,2758
1824,2753
1824,2749
1824,2744
1824,2741
1824,2736
1824,2731
1824,2728
1824,2723
1824,2719
1824,2715
1824,2711
1824,2706
1824,2701
1824,2698
1824,2693
1824,2688
1824,2685
1824,2680
1824,2676
1824,2671
1824,2668
1824,2663
1824,2658
1824,2655
1824,2650
1824,2646
1824,2641
1824,2638
1824,2633
1824,2628
1824,2625
1824,2620
1824,2615
1824,2612
1824,2608
1824,2603
1824,2598
1824,2595
1824,2590
1824,2585
1824,2582
1824,2577
1824,2573
1824,2568
1824,2565
1824,2560
1824,2555
1824,2552
1824,2549
1824,2546
1824,2543
1824,2541
1824,2538
1824,2535
1824,2533
1824,2530
1824,2527
1824,2524
1824,2522
1824,2519
1824,2516
1824,2514
1824,2511
1824,2508
1824,2506
1824,2503
1824,2500
1824,2497
1824,2495
1824,2492
1824,2489
1824,2487
1824,2484
1824,2481
1824,2478
1824,2476
1824,2473
1824,2470
1824,2468
1824,2465
1824,2462
1824,2459
1824,2457
1824,2454
1824,2451
1824,2449
1824,2446
1824,2443
1824,2441
1824,2438
1824,2435
1824,2432
1824,2379
1824,2376
1824,2373
1824,2371
1824,2368
1824,2316
1824,2313
1824,2311
1824,2308
1824,2305
1824,2303
1824,2300
1824,2297
1824,2294
1824,2292
1824,2289
1824,2286
1824,2284
1824,2281
1824,2278
1824,2275
1824,2273
1824,2270
1824,2267
1824,2265
1824,2262
1824,2259
1824,2257
1824,2254
1824,2251
1824,2248
1824,2246
1824,2243
1824,2240
1824,2238
1824,2235
1824,2232
1824,2229
1824,2227
1824,2224
1824,2221
1824,2219
1824,2216
1824,2213
1824,2210
1824,2208
1824,2205
1824,2202
1824,2200
1824,2195
1824,2191
1824,2188
1824,2183
1824,2178
1824,2169
1824,2167
1824,2164
1824,2115
1824,2113
1824,2109
1824,2105
1824,2100
1824,2097
1824,2092
1824,2087
1824,2084
1824,2079
1824,2074
1824,2070
1824,2066
1824,2062
1824,2057
1824,2054
1824,2049
1824,2044
1824,2041
1824,2036
1824,2032
1824,2027
1824,2024
1824,2019
1824,2014
1824,2011
1824,2006
1824,2001
1824,1997
1824,1994
1824,1989
1824,1984
1824,1981
1824,1976
1824,1971
1824,1967
1824,1963
1824,1959
1824,1954
1824,1951
1824,1946
1824,1941
1824,1937
1824,1933
1824,1929
1824,1924
1824,1921
1824,1916
1824,1911
1824,1908
1824,1903
1824,1898
1824,1894
1824,1891
1824,1886
1824,1882
1824,1878
1824,1874
1824,1869
1824,1864
1824,1861
1824,1856
1824,1851
1824,1848
1824,1844
1824,1839
1824,1834
1824,1831
1824,1826
1824,1821
1824,1818
1824,1813
1824,1809
1824,1806
1824,1801
1824,1796
1824,1791
1824,1788
1824,1783
1824,1779
1824,1775
1824,1771
1824,1766
1824,1761
1824,1758
1824,1753
1824,1748
1824,1745
1824,1741
1824,1736
1824,1731
1824,1728
1824,1723
1824,1718
1824,1715
1824,1710
1824,1706
1824,1701
1824,1698
1824,1693
1824,1688
1824,1685
1824,1680
1824,1676
1824,1672
1824,1668
1824,1663
1824,1658
1824,1655
1824,1650
1824,1645
1824,1642
1824,1637
1824,1633
1824,1628
1824,1625
1824,1620
1824,1615
1824,1612
1824,1607
1824,1603
1824,1598
1824,1595
1824,1590
1824,1585
1824,1582
1824,1577
1824,1573
1824,1569
1824,1565
1824,1560
1824,1555
1824,1552
1824,1547
1824,1542
1824,1539
1824,1534
1824,1530
1824,1525
1824,1522
1824,1517
1824,1512
1824,1509
1824,1504
1824,1500
1824,1495
1824,1492
1824,1487
1824,1482
1824,1479
1824,1474
1824,1469
1824,1465
1824,1462
1824,1457
1824,1452
1824,1449
1824,1444
1824,1439
1824,1436
1824,1431
1824,1427
1824,1422
1824,1419
1824,1414
1824,1409
1824,1406
1824,1401
1824,1397
1824,1392
1824,1389
1824,1384
1824,1379
1824,1376
1824,1371
1824,1366
1824,1362
1824,1359
1824,1354
1824,1349
1824,1346
1824,1341
1824,1336
1824,1333
1824,1328
1824,1324
1824,1319
1824,1316
1824,1311
1824,1306
1824,1303
1824,1298
1824,1294
1824,1289
1824,1286
1824,1281
1824,1276
1824,1273
1824,1268
1824,1263
1824,1259
1824,1255
1824,1251
1824,1246
1824,1243
1824,1238
1824,1233
1824,1230
1824,1225
1824,1221
1824,1216
1824,1213
1824,1208
1824,1203
1824,1200
1824,1195
1824,1190
1824,1186
1824,1183
1824,1178
1824,1173
1824,1170
1824,1165
1824,1160
1824,1156
1824,1152
1824,1148
1824,1143
1824,1140
1824,1135
1824,1130
1824,1125
1824,1122
1824,1118
1824,1113
1824,1110
1824,1105
1824,1100
1824,1097
1824,1092
1824,1087
1824,1083
1824,1080
1824,1075
1824,1070
1824,1067
1824,1062
1824,1057
1824,1053
1824,1049
1824,1045
1824,1040
1824,1037
1824,1032
1824,1027
1824,1023
1824,1021
1824,1018
1824,1015
1824,1013
1824,1010
1824,1007
1824,1004
1824,1000
1824,995
1824,990
1824,987
1824,982
1824,978
1824,974
1824,970
1824,965
1824,960
1824,958
1824,955
1824,952
1824,950
1824,947
1824,944
1824,940
1824,937
1824,933
1824,928
1824,925
1824,920
1824,915
1824,910
1824,907
1824,902
1824,898
1824,895
1824,890
1824,885
1824,882
1824,877
1824,872
1824,868
1824,864
